
Recursive feature selection

Outer resampling method: Cross-Validated (5 fold, repeated 5 times) 

Resampling performance over subset size:

 Variables Accuracy    Kappa AccuracySD KappaSD Selected
         1   0.8723 0.568694  0.0260188 0.17192         
         2   0.8801 0.620013  0.0056986 0.01744        *
         3   0.8777 0.598453  0.0055622 0.03611         
         4   0.8777 0.598453  0.0055622 0.03611         
         5   0.8733 0.539613  0.0070944 0.02953         
         6   0.8733 0.539613  0.0070944 0.02953         
         7   0.8764 0.554420  0.0077945 0.03341         
         8   0.8755 0.537112  0.0107713 0.05263         
         9   0.8764 0.540057  0.0077409 0.03641         
        10   0.8675 0.494490  0.0065425 0.03247         
       260   0.7884 0.005022  0.0016351 0.01176         
       510   0.7877 0.000000  0.0003057 0.00000         
       760   0.7877 0.000000  0.0003057 0.00000         
      1010   0.7877 0.000000  0.0003057 0.00000         
      1260   0.7877 0.000000  0.0003057 0.00000         
      1510   0.7877 0.000000  0.0003057 0.00000         
      1760   0.7877 0.000000  0.0003057 0.00000         
      2010   0.7877 0.000000  0.0003057 0.00000         
      2260   0.7877 0.000000  0.0003057 0.00000         
      2325   0.7877 0.000000  0.0003057 0.00000         

The top 2 variables (out of 2):
   AG12, G12

