
Recursive feature selection

Outer resampling method: Cross-Validated (5 fold, repeated 5 times) 

Resampling performance over subset size:

 Variables   RMSE Rsquared    MAE   RMSESD RsquaredSD    MAESD Selected
         1 0.3676   0.1918 0.2706 0.013379    0.06163 0.019220         
         2 0.3541   0.2511 0.2506 0.007944    0.02473 0.006672         
         3 0.3456   0.2864 0.2385 0.008607    0.03226 0.006820         
         4 0.3358   0.3266 0.2247 0.009114    0.03727 0.009288         
         5 0.3203   0.3869 0.2051 0.010885    0.04342 0.010878         
         6 0.3155   0.4047 0.2013 0.013703    0.05229 0.014397         
         7 0.3044   0.4453 0.1909 0.014161    0.05852 0.015216         
         8 0.2929   0.4849 0.1798 0.017272    0.07124 0.018516         
         9 0.2837   0.5171 0.1720 0.016097    0.06505 0.015717         
        10 0.2727   0.5547 0.1615 0.012545    0.04473 0.010229         
       260 0.2347   0.6715 0.1694 0.007739    0.02453 0.005588        *
       510 0.2347   0.6715 0.1694 0.007739    0.02453 0.005588         
       760 0.2347   0.6715 0.1694 0.007739    0.02453 0.005588         
      1010 0.2347   0.6715 0.1694 0.007739    0.02453 0.005588         
      1260 0.2347   0.6715 0.1694 0.007739    0.02453 0.005588         
      1510 0.2347   0.6715 0.1694 0.007739    0.02453 0.005588         
      1760 0.2347   0.6715 0.1694 0.007739    0.02453 0.005588         
      2010 0.2347   0.6715 0.1694 0.007739    0.02453 0.005588         
      2260 0.2347   0.6715 0.1694 0.007739    0.02453 0.005588         
      2325 0.2347   0.6715 0.1694 0.007739    0.02453 0.005588         

The top 5 variables (out of 260):
   A11, AC12, T13, AT12, AA12

