
Recursive feature selection

Outer resampling method: Cross-Validated (5 fold, repeated 5 times) 

Resampling performance over subset size:

 Variables   RMSE Rsquared     MAE   RMSESD RsquaredSD    MAESD Selected
         1 0.3319   0.3406 0.22237 0.018762    0.07435 0.023092         
         2 0.2831   0.5445 0.19022 0.011488    0.03248 0.009629         
         3 0.2726   0.5999 0.18842 0.005994    0.02083 0.003831         
         4 0.2627   0.6630 0.18745 0.005579    0.02370 0.003698         
         5 0.2712   0.6465 0.19725 0.006954    0.01898 0.006591         
         6 0.2295   0.7014 0.13569 0.006487    0.02113 0.004131         
         7 0.2219   0.7248 0.13155 0.006100    0.01757 0.003951         
         8 0.2240   0.7225 0.13548 0.007076    0.01979 0.004557         
         9 0.2094   0.7431 0.10717 0.007831    0.02062 0.004028         
        10 0.2074   0.7480 0.10539 0.007887    0.02053 0.004061         
       260 0.1922   0.7788 0.07499 0.009536    0.02180 0.003381         
       510 0.1923   0.7786 0.07499 0.009577    0.02168 0.003414         
       760 0.1923   0.7786 0.07511 0.009540    0.02180 0.003297         
      1010 0.1922   0.7789 0.07502 0.009631    0.02191 0.003383         
      1260 0.1921   0.7791 0.07500 0.009486    0.02155 0.003377         
      1510 0.1923   0.7787 0.07513 0.009442    0.02166 0.003329         
      1760 0.1922   0.7789 0.07502 0.009355    0.02151 0.003372         
      2010 0.1922   0.7788 0.07506 0.009488    0.02170 0.003367         
      2260 0.1917   0.7801 0.07576 0.009845    0.02229 0.003521        *
      2325 0.1917   0.7800 0.07583 0.009936    0.02228 0.003579         

The top 5 variables (out of 2260):
   AG12, AG7, GT13, TA10, A10

