
Recursive feature selection

Outer resampling method: Cross-Validated (5 fold, repeated 5 times) 

Resampling performance over subset size:

 Variables   RMSE Rsquared    MAE   RMSESD RsquaredSD    MAESD Selected
         1 0.3643   0.2084 0.2655 0.009870    0.04259 0.011910         
         2 0.3543   0.2513 0.2506 0.006326    0.03106 0.004821         
         3 0.3456   0.2874 0.2386 0.007660    0.03414 0.006008         
         4 0.3336   0.3361 0.2220 0.009572    0.03385 0.009223         
         5 0.3209   0.3852 0.2067 0.010160    0.04118 0.011320         
         6 0.3138   0.4125 0.2006 0.010116    0.03777 0.008876         
         7 0.3028   0.4524 0.1887 0.013672    0.04932 0.014879         
         8 0.2898   0.4979 0.1754 0.015532    0.05316 0.014933         
         9 0.2790   0.5348 0.1651 0.015047    0.04921 0.015155         
        10 0.2728   0.5549 0.1620 0.015482    0.04933 0.014443         
       260 0.2341   0.6729 0.1687 0.007705    0.02240 0.005527        *
       510 0.2341   0.6729 0.1687 0.007705    0.02240 0.005527         
       760 0.2341   0.6729 0.1687 0.007705    0.02240 0.005527         
      1010 0.2341   0.6729 0.1687 0.007705    0.02240 0.005527         
      1260 0.2341   0.6729 0.1687 0.007705    0.02240 0.005527         
      1510 0.2341   0.6729 0.1687 0.007705    0.02240 0.005527         
      1760 0.2341   0.6729 0.1687 0.007705    0.02240 0.005527         
      2010 0.2341   0.6729 0.1687 0.007705    0.02240 0.005527         
      2260 0.2341   0.6729 0.1687 0.007705    0.02240 0.005527         
      2325 0.2341   0.6729 0.1687 0.007705    0.02240 0.005527         

The top 5 variables (out of 260):
   A11, AC12, T13, AT12, AA12

